2953.0 718.0
2938.879853924684 700.9322520755815
2910.9633879021153 698.7251453428047
2882.9092563517443 697.7286345179625
2854.8924225834803 696.892311121895
2826.8755888152164 696.0559877258273
2851.1223267919904 694.7360164455489
2879.118885054077 693.381344271577
2907.070023688563 691.5764512019292
2934.7355724046065 687.2898950106681
2940.6659478327097 664.9279881898884
2964.3850681507006 674.909371659911
2979.063650000158 697.6154254257008
2964.0081132512582 720.2000716368243
2952.488844604931 719.2849005451578
1373.0 658.0
1363.5228083041502 637.7097873361975
1335.5534112245225 637.2167753100164
1307.5981466018802 638.3571529928043
1279.5099142646966 639.4269295168851
1251.4421986443317 639.4953325781728
1223.4409845932973 637.9674624387521
1196.7423556457534 630.7329103468837
1218.5196838451902 621.5628773533678
1246.4617123325331 620.3076068673538
1274.535079666279 620.0044654955109
1302.5646585235595 619.9249119415299
1330.6821999108506 619.401048348809
1358.526147883053 616.4707755100422
1352.9334795083455 594.7222867815166
1368.6655364023595 587.9112059403524
1392.4569634153884 602.6503386184644
1414.7049209095687 619.7071060306694
1405.0237067921269 640.7880095372931
1388.0689501779025 663.1054833056252
1370.283342597706 673.9020484732312
2581.0 614.0
2567.0901394045195 589.9117426654085
2580.182579104882 575.4347291843088
2584.99057670648 600.908473478226
2604.048966703183 619.7238859109754
2631.4173266707144 625.1835005044001
2657.453647263463 616.0056505936931
2673.9672666143697 593.7067719459044
2679.8207991503164 566.3775326371152
2679.407539938477 538.3859870367572
2664.7684756969343 525.215100567119
2643.3013031786004 543.2545788957895
2616.3133628212627 548.4254754208148
2590.503581857702 537.8388099730757
2568.2740399795275 520.8634128641909
2548.0836351788053 501.3580584033679
2532.737644806316 478.0330540788478
2527.1189910863745 450.6715874747729
2528.7055614495166 422.70361413807154
2539.679237669507 397.226971202248
2563.2378465373954 382.9611337048526
2591.040260647081 380.0283608510378
2618.3452757654413 385.99223910502303
2642.2296126603756 400.5364059702736
2661.7105857057522 420.59798276717765
2677.021380268938 444.0239030329117
2688.590251878404 469.6205819929503
2696.660414159128 496.4839169627243
2701.4574601149875 524.2065405923609
2702.958263270356 552.1567435365091
2698.8133396612157 579.8969470030728
2687.4908997273305 605.5369521905467
2668.8501925536075 626.3125753730201
2643.8888918835282 638.6038219296983
2616.1347880171784 638.3926582840421
2591.676197911854 625.215047124635
2581.0813690096847 614.1029141389394
2656.7589309004743 461.2508845427393
2646.9722386662716 434.9254627058993
2630.752306748426 412.15091349157217
2608.18440165894 395.71751372397904
2580.931269396419 390.40282475654146
2556.214825109421 401.3852237867423
2550.7972368588194 428.49866812526454
2555.0538538387464 456.2114266820134
2564.092102114953 482.86616817325597
2577.749570883921 507.36274086436015
2598.439287831593 526.0622923208185
2625.105814326223 533.503414153539
2649.7225282244244 521.9479414303365
2659.653135606782 496.252625387537
2793.0 613.0
2808.372596966331 594.5655485092068
2803.5637206981983 566.9046493135181
2797.279840374715 539.6220408524443
2790.7202195853374 512.2812247186109
2784.119995392594 484.90224070790447
2777.089477513798 457.6414307040403
2768.6493700731903 430.85709304672287
2754.902077376137 406.5885996399598
2730.7628524233533 392.9356550662754
2725.7941122956677 384.27294203269315
2753.7236259414003 380.9130463666143
2781.795269897702 380.51323102652395
2809.939462752819 381.05500308371506
2838.060484903314 382.3549811402635
2866.100863304169 384.79588672113965
2893.6166584443795 390.48550499991086
2918.0773069852667 403.88698152807973
2937.3530595552616 424.10552272713034
2948.2961260532757 449.73632587362624
2944.3055813073393 476.9938880751447
2924.8260063594225 496.6121075811486
2925.8131950163674 517.8991131244595
2947.7231339619293 535.4049613813513
2964.4667540501146 557.7295465712796
2969.369634959556 585.0425931019297
2956.4238778047825 609.2921044402037
2929.5270169569185 616.5419471851992
2901.5474276367872 618.6926978650843
2873.450101907234 619.1439279647423
2845.386186959461 618.6209201372064
2817.2522501029175 617.5347989852697
2792.2437523566878 613.2533820730937
2792.966863554717 613.0099815451172
2932.281990888028 552.0550670524581
2914.1423358628963 530.9864655501219
2889.9217295517246 517.0802439354547
2862.7063812734696 510.4809240462102
2834.6431389088043 510.5187772527211
2822.7735562062476 530.4206576260351
2828.0335950625304 557.9008944723228
2834.465077642945 585.2769248482139
2850.3368625576354 607.1484091970027
2878.0828924497932 608.585228701862
2906.0273464663637 606.4133607690723
2932.04756750352 597.3622094295042
2937.989098916025 579.0834192786623
2915.1858060068457 436.3878691818945
2898.0112931325157 414.76097528480926
2872.753571312024 402.7281087377121
2845.4498974250228 396.2068114631002
2817.6325334452426 392.1914474761631
2792.122110228153 398.14081764191764
2793.813896707206 425.6871458524443
2800.27979541469 453.0761953796879
2807.514726829922 480.4302256122082
2819.8522061795534 500.59692904826153
2847.956260943467 498.94374935626666
2875.9019647057316 497.2315700528736
2903.782834114227 493.21495648838413
2917.2586780119505 470.7881445939415
90.0 350.0
102.53628572041801 325.30922505577666
115.40872479322962 300.2457014493343
128.39626415134788 275.29485508029586
141.59641900507714 250.35413609858404
155.00078382886576 225.59778862389572
168.73892853441254 201.13915136991912
183.50179558330316 177.14528924920904
203.08470169038978 181.71831621375955
217.10323806346324 205.91030956080542
230.1913874279906 230.82198671470536
242.9442485838708 255.86595208563992
255.5965603806107 281.07622504087703
268.16786860404204 306.3241278808087
280.5983251483965 331.40561222230383
293.07853840903965 356.65984701685204
305.5545114482421 381.95117876927696
318.2666249423968 407.4279364798313
330.8842091054386 432.48024126732
343.5017932684803 457.5325460548087
356.119377431522 482.5848508422973
368.73696159456375 507.637155629786
376.7809091233631 530.0
348.7305721329334 530.0
320.68023514250365 530.0
292.62989815207396 530.0
264.5795611616442 530.0
236.52922417121454 530.0
208.47888718078482 530.0
180.4285501903551 530.0
152.3782131999254 530.0
124.32787620949568 530.0
96.27753921906597 530.0
68.22720222863626 530.0
40.176865238206545 530.0
12.126528247776832 530.0
7.214265925266383 515.5714681494673
19.75875798574192 490.4824840285162
32.30325004621746 465.3934999075651
44.84774210669299 440.30451578661405
57.392234167168525 415.215531665663
69.93672622764406 390.1265475447119
82.4812182881196 365.0375634237608
89.914991360994 350.170017278012
329.2786485394504 469.316522029172
317.40102811276563 443.85339409515
305.25770260578446 418.3891569394083
292.99624745310206 393.0019770724647
280.6937512359715 367.76812825555777
268.2717124347156 342.4957690883694
255.71278078172173 317.1500418410847
243.06875977108973 291.8630803132769
230.38927237853147 266.8062606719916
217.47956409247575 241.81482463093548
203.0343101006792 222.1333380021137
189.0373766945317 246.42160172101768
175.86191028810526 271.3222837837801
163.03455088198035 296.2052624802452
150.36419615382815 321.1790616339247
137.80431937781674 346.2430938608404
125.23835402418285 371.6012471720337
112.80312258127974 396.9858212768774
100.60692345406855 422.21935933106136
88.52966817604324 447.6826772776003
76.83203115434537 473.27548440571474
78.19203629322598 494.0949714074597
106.06101091855152 497.12058251154895
134.13386886057253 498.6585577717817
162.16179752240407 499.5354996714724
190.19781867036892 499.94617719259315
218.387397695323 499.9778962846843
246.65742511639374 499.77697719811874
274.95073644955886 499.32747117837687
303.1114558956248 498.5194936392069
331.24160666093474 496.86580142200825
1130.0 520.0
1154.1890406997345 510.0
1176.9190558166374 505.8400026882714
1169.8498677323212 478.6343394546909
1162.780679648005 451.42867622110964
1155.7114915636885 424.2230129875285
1148.642303479372 397.0173497539472
1141.6603183474606 369.8054240368473
1134.7635260027002 342.43864031455007
1127.9118651105823 315.1279959044545
1121.0904428249119 287.8617401727603
1114.2528610931474 260.5266448404227
1107.3472769856971 233.16912694576973
1097.0012448733148 207.3819963182456
1070.9950502013992 199.91617348309146
1054.0568648997 190.29548847913108
1081.6664324702754 185.9606477392461
1109.760563602532 183.93024673218713
1137.9551255498232 182.74363822624116
1166.0458710640405 182.14485138765778
1194.1067188507313 182.06448982066127
1222.2215234396938 182.53853288953354
1250.469374540588 183.72816695878078
1278.476935027612 186.05399264463531
1306.407626197861 189.21595768277672
1332.3436698388382 195.0792433806711
1343.5857487561639 220.84234089954245
1354.8278276734898 246.6054384184138
1366.2055579823343 271.96496572077785
1377.0798830241733 298.08607082025696
1364.87780473008 302.4101659881253
1350.8846527627115 277.95033115979726
1337.350289669713 253.16604462704316
1319.7661339826323 231.0978424801635
1297.7122923772595 213.9533329498359
1270.4913835897758 206.9282714089479
1242.4911881373437 203.1199467981665
1214.4458484465295 200.90850374039306
1186.3795155920818 200.0933031243231
1158.1722124939986 201.34222993531483
1141.3860871682673 215.64639301105333
1147.8648309691387 242.99763614570023
1154.4803389938752 270.27137823635877
1161.4314942621843 297.6909916333031
1169.6760760361137 324.61354295745036
1182.429582820773 349.6331722616967
1208.744104418956 353.2443292545922
1237.0115421868002 351.688552107997
1264.8072525065177 347.18545624422393
1267.3484992228055 321.51538572773876
1271.9215491551888 302.35998000095907
1283.4134337468547 327.68607913561124
1290.3882662265364 354.93809616321755
1296.6926528203016 382.3152930725816
1303.981601260318 409.5337342508587
1298.8826880885733 427.94531337732195
1284.4854242733597 403.9768199546725
1271.8133814281475 378.8609114850884
1245.7891595183244 370.4752510682169
1217.6850763649948 370.01430597242114
1189.3869256250932 371.87316976251105
1184.8004577675852 395.4831509843472
1192.30532643931 422.5900091802358
1199.000314931329 449.86687983725085
1205.327970827469 477.2195117173678
1211.7335982283737 504.58901061214186
1235.5518908261356 510.0
1263.6609913480354 510.0
1291.5916860464238 509.9999503881241
1320.0545698667354 509.7817925855829
1348.149830572172 508.2488475086041
1373.9597704919427 498.4290666692023
1385.7487492606572 473.43813826893205
1386.3031222186933 445.4268864777978
1389.5327957097586 420.0208350394031
1399.2195721971132 444.73432841701776
1400.361602644896 472.81924819680813
1403.1379225310827 500.8011402690725
1399.7561552310697 524.8141966141343
1372.0755360545097 528.5127368161897
1344.134496750024 529.4980494285758
1316.0678732287627 529.8642821982382
1287.7694626086122 529.9859551261213
1259.5315553968949 529.9761955250166
1231.3175318227359 529.6921301990598
1203.0328052426335 529.0028205478693
1174.7408261823239 527.705455026317
1146.5965978364416 525.1756291665599
590.0 423.0
606.5585881881468 400.72016233940906
625.4043159939796 380.04656027431025
645.0544293990863 359.88683157400817
664.6708143459599 339.89320845507933
684.2871992928335 319.89958533615044
684.0048916527725 299.81979705374977
664.3815207914308 279.83303043571664
644.7581499300892 259.84626381768345
625.4192867669932 239.44065783970856
607.1249000022458 218.08569515241686
592.5298703348124 194.33540137355033
615.6705153382571 205.22252042821023
637.0542344656203 223.26729938756444
657.5518998249412 242.50550164630596
677.5386664429744 262.1288725076476
697.5254330610076 281.75224336898924
717.6018264351754 286.53638859091865
737.5885930532086 266.913017729577
757.5753596712418 247.28964686823537
777.8460661710455 227.89428003416222
799.0425423502128 209.44056736266978
822.1230013545481 193.4688115924297
816.9766146900469 212.80099625501964
799.0888665697028 234.41020570865652
779.9379981130899 255.0631500700011
760.3146272517482 275.0499166880343
740.6912563904066 295.0366833060674
730.9321144709352 315.0234499241006
750.5554853322768 335.0102165421338
770.1788561936185 354.99698316016696
789.5729728771674 375.10207182046094
808.2086380767704 396.1911620759527
824.8469672980975 418.80138987853604
810.2178007897264 419.20615552769846
788.4519472321033 401.6046437228833
767.7205573340967 382.6159834658785
747.6180865791752 362.93412136864475
727.631319961142 343.3107505073031
707.5540877995725 328.399762913627
687.5604646806464 348.0161478604979
667.5668415617204 367.6325328073687
647.6746808511635 387.2483585270339
627.22940377438 406.7434065154165
605.5360427581226 424.7185601499628
1590.0 360.0
1616.7013269947322 353.96908591294635
1644.6212309206232 352.07672113526513
1672.6113598249449 350.99865190192077
1700.6866158845517 350.3750417021788
1728.6775821651372 350.06851728897925
1756.7742080268924 350.00314528444403
1784.8983847496434 350.12065475556483
1812.9826976657525 350.4578788706949
1841.003003756545 351.1298077463895
1869.0292869917153 352.4083196098473
1896.905587807967 355.4141961371797
1888.1305572420079 364.53614970723544
1860.2529262138792 367.0985247097514
1832.2602000352335 368.51716216359625
1804.2702901456873 369.36525501520475
1776.2599811975185 369.82971518299786
1748.1881212167195 369.9972770790157
1720.13907268815 369.91290563002246
1692.0970506813667 369.5543461140175
1664.0863967855992 368.83394114123166
1636.0654987901842 367.56671509806625
1608.138767230309 365.2034477782485
2120.0 310.0
2146.676056190785 303.8831053441279
2174.6074767464324 301.979463567744
2202.580227232253 300.91195445555206
2230.6070965216572 300.3124220250881
2258.6302088765333 300.03943091404807
2286.6767466910583 300.01983984537594
2314.7283204292326 300.2468739651838
2342.7786093429595 300.78540975820755
2370.784381078447 301.76102050931127
2398.779239575985 303.4816290079988
2426.4877076177854 307.5513104271337
2407.766644482071 315.6708312924135
2379.827213816038 317.7904410719979
2351.8598242389617 318.9552720759024
2323.8733192566365 319.61623509299096
2295.8856087440704 319.93509844799956
2267.8554494869245 319.9926500259842
2239.8128394190167 319.8087739851528
2211.7916997386915 319.3277579345936
2183.760263282748 318.4358652887065
2155.7427070596964 316.8737849283876
2127.8976902041213 313.58185621517333
2510.0 310.0
2537.001435683137 304.87127457651195
2564.940094464002 303.1395706879999
2592.934123914945 302.03773484684797
2620.9644206183016 301.27593283596804
2649.032166215994 300.7414178720001
2677.03760799999 300.3771360000001
2705.04090256901 300.1466748622081
2733.051461473326 300.026973419648
2761.1810886205863 300.00208628006396
2789.2405267988247 300.0670099619839
2817.324661755943 300.2336189469438
2845.367557567974 300.5202717439997
2873.4408489105012 300.9552642474235
2901.4521158651255 301.5804003900153
2929.5129202077824 302.475102657663
2957.5085272836895 303.80030820249465
2985.4486898605924 306.1006022000621
2988.2720284498755 313.5333531147493
2960.4184651003275 316.0234372904936
2932.421660851958 317.4116021671658
2904.3861800039717 318.34044015116615
2876.3357014467356 318.9899252203505
2848.2479883949068 319.4424901310708
2820.1122779521015 319.74363558399915
2792.044954648688 319.9211839569915
2763.96675704025 319.9955904757759
2735.9474988361544 319.9797705890563
2707.9345587093662 319.87050556518466
2679.890222706801 319.6520014807051
2651.797416513643 319.3013638266896
2623.7157564934114 318.7853418792982
2595.6775260080894 318.0493812640028
2567.671583288973 316.98847081357155
2539.633435926586 315.3372057354285
2511.8868483563683 311.4820341596222
1590.0 270.0
1616.6880484048872 263.9703210271359
1644.6672755931045 262.07443521264724
1672.659284858393 260.9972533583105
1700.733698245021 260.3742883904938
1728.722133953598 260.06823668889314
1756.8164886201428 260.00319199172395
1784.9298434632992 260.1208944506433
1813.0037057875174 260.4582371516155
1841.0141410506617 261.1301678146598
1869.031578502524 262.4084649124212
1896.9020816268112 265.4134916473282
1888.1352275299769 274.40028899215486
1860.2580736636312 276.85349976913756
1832.2876325779735 278.234357141511
1804.2666554350335 279.0851042822971
1776.185793886339 279.56852165379513
1748.1693501694376 279.74758768674104
1720.1361663442349 279.64256542276377
1692.091023299586 279.23744616787883
1664.0477991310547 278.4722418893986
1636.0320372217489 277.194248871676
1608.0619582249572 274.90034845666537
2656.0 238.0
2641.919635655586 213.9273598530226
2658.3556986802782 200.9619768651216
2672.169451151679 224.15088570107716
2688.665468559327 245.02015943453495
2716.3368402523492 247.2947839291427
2740.0425249713053 233.15534109964875
2754.5479009757164 209.32099462170186
2759.9244146218534 181.83687637178832
2756.151212702021 154.25973765496346
2736.9526707990863 152.84950027991937
2716.1921978386554 169.63501212332574
2688.3643588328823 168.20357939758276
2662.393471568691 157.8552294190716
2640.0468577247602 141.0468248757848
2621.883699212009 119.71412241640199
2608.3667907510703 95.15555174382825
2602.35000928268 67.8644977433277
2606.7384293025566 40.287983840030236
2621.68901878433 16.870929544730107
2645.7636601341283 3.1834696546221792
2673.5737842129824 2.104588124102417
2700.43642454979 9.76766406455981
2723.561706918121 25.519835453206227
2741.3289489517397 47.219637557511284
2755.0619440648775 71.61463752715221
2765.6567116799 97.61488507211331
2773.392995492524 124.5891125092824
2778.209999408291 152.23398053530715
2779.588884599597 180.28889635121345
2776.234188603202 208.08916629665964
2765.2682968157073 233.73610997377017
2743.954569703363 251.59229659290972
2717.234691088423 259.7217398236079
2689.2997209306945 258.54294009918334
2664.132140539645 246.81113529125113
2656.01959171343 238.02838236478127
2738.40576756069 118.73086839831022
2736.028236783515 90.88974927407799
2727.690687990765 64.0610319512185
2713.772959914503 39.7222819434494
2693.466077514119 20.547991200663652
2667.447318147518 10.855456058451896
2641.9731613033537 20.048472016918133
2631.837026529495 45.529504472138356
2632.02675365197 73.6370726600073
2638.139190040849 101.02150990922487
2650.1001474670734 126.39054964456207
2668.238939513112 147.759292676798
2693.0653905904483 160.26872810781526
2719.749938354023 154.4536783278897
2857.0 223.0
2848.349180663017 196.4410233471723
2839.0167478985245 170.1554915760263
2814.543775693536 159.57764754942863
2805.2363169699483 142.95990630798806
2828.208710682998 138.66444234522555
2824.5610537725106 110.90956638797414
2819.915292292656 83.19916402308391
2816.5652085298566 55.33954530784573
2816.29011169027 27.330518609518236
2828.5021473470847 3.469660451545792
2855.399721534151 6.493117191012006
2878.1788020307135 22.676833714700855
2888.5497331381707 46.353383630451724
2869.6120271858 26.28404913265237
2846.671267174202 11.069774541864128
2830.0131924955417 28.117454513272843
2834.9433471427833 55.694589359032776
2841.0159900228577 83.02244416895817
2848.1797716749093 110.0617252821748
2859.185284346695 135.78298601621287
2884.957323843161 141.47445090318323
2894.394314390715 156.59858369399242
2866.938786606251 160.52557662365672
2866.388573900323 184.4877983138042
2872.888361040162 211.54016830710685
2859.3002017066124 226.37197745950434
