1510.0 689.0
1519.5683560248508 660.820467918524
1500.255690555721 646.7438423581382
1470.3361838368073 645.3974966845683
1440.2627011652364 645.0668283958656
1410.2562005348111 645.0011500927137
1380.0641084595404 644.8537188774045
1349.934576301152 644.1692324760177
1319.931304503822 642.6713849705958
1290.038269600905 639.4518534069342
1291.2146031313305 629.1944111888894
1321.0013694984552 625.5905416263981
1350.9420213576225 623.5937485412825
1380.9498922183518 622.3656122620962
1410.9042659109248 621.5606174076935
1440.972846800232 620.7111011666425
1471.06644918247 619.4653728262538
1500.6225011459721 614.8421706366015
1487.5305148684242 590.9467464845355
1491.0994058954268 570.4672135807577
1518.122020971414 583.0455830823307
1541.3415840973462 602.0052337987844
1561.7270009270262 624.0659645531751
1566.1523414417 649.4882631923851
1545.0959439043638 668.5162705623488
1528.9751628915346 693.625556254786
69.0 358.0
81.76480928559582 331.1859893971545
94.93946422361284 303.61191508896786
107.93268473367544 276.5362169875594
121.12179485568053 249.19649931023363
134.3724859776288 221.90641559005923
147.73894928859983 194.59983003852446
161.21787897440356 167.3475151384868
174.74521182091559 140.36761934470596
188.4795789556493 113.48205221543657
202.50130978268527 86.77392959927835
217.01085761887092 60.32860798558255
232.50400875258816 34.41640152275875
251.4816349029031 11.216540157153247
271.6178412292542 29.77703690422132
287.29367681425566 55.42027999832422
302.22504979355267 81.6570932270803
316.7345694106949 108.14439944347723
330.8914747088119 134.6549363997414
344.91130279906855 161.41365571940474
358.6747178118297 188.08563252645268
372.37106109366624 214.96672646934084
386.07220435204385 242.15518964370975
399.517448484778 269.0489079956335
412.92875400848135 295.9404004131558
426.39440155103 323.00294314145094
439.9142078117591 350.24444526911316
453.24588198815786 377.18771046798867
466.54103178283026 404.1574323372529
479.79839775872506 431.1884500095599
492.99022388850403 458.3111689905111
505.9398327573925 485.5067191687789
490.57007177110194 497.01966131130524
460.594092021632 498.06438971320244
430.55314449656396 498.7164441308851
400.35022221336544 499.1776499856506
370.1100335404799 499.5104323234626
339.87143014670664 499.74512992344944
309.5438298980081 499.89905015916014
279.18796955694495 499.9814756148004
248.78778215985497 500.0
218.64989750026692 500.0
188.51201284067886 500.0
158.3741281810908 500.0
128.23624352150276 500.0
98.0983588619147 500.0
67.96047420232668 500.0
37.822589542738626 500.0
7.684704883150545 500.0
11.129544147255519 478.8471283983782
24.146245339769223 451.6651935551878
37.16294653228292 424.48325871199745
50.179647724796624 397.30132386880706
63.19634891731033 370.11938902561667
68.91396532897522 358.1796606365517
447.6032072278588 417.7906103000547
434.5355596484361 390.7911802197067
421.2881655190847 363.6578225125939
407.95576216536773 336.4450316256083
394.64364442729345 309.31097708957054
381.2482132417068 282.0130682036108
367.9107022169836 254.82236462518242
354.37444141755526 227.89539421771747
340.83818061812696 200.96842381025252
327.3019198186986 174.04145340278757
313.7656590192703 147.11448299532265
300.229398219842 120.18751258785767
286.6931374204136 93.26054218039272
273.02165230487986 73.91368783165073
259.42548261786845 100.81045829943417
245.82931293085704 127.7072287672176
232.23314324384563 154.60399923500103
218.63697355683422 181.50076970278445
205.04080386982284 208.39754017056788
191.44463418281143 235.2943106383513
177.84575536846327 262.22045493164893
164.32390012564548 289.1607446709121
150.78316889008642 316.3382218850995
137.37235031576745 343.48372458773275
124.09496316920774 370.64489496975676
111.00260733771748 397.8405024716839
98.21699551591156 425.2193651951329
101.30238240204473 445.4154487457847
131.32043503978264 447.4548594503322
161.46731256870618 448.56396725241234
191.51367568800757 449.2710135155429
221.72310531926362 449.7154311298595
252.024054467666 449.9485435372026
282.4084051408425 449.99646453896145
312.565351726456 449.9065295652216
342.6759208087088 449.6841486550094
373.00061360120037 449.29792096896847
403.2845445494445 448.6881423485644
433.44455390097806 447.6867278312931
1185.0 491.0
1207.2508043959506 480.0023398069925
1237.512281170827 476.96265026167777
1237.272850291735 449.36463877616495
1230.869233846714 419.8700511424644
1224.12721867842 390.69007670853426
1217.1633373117322 361.4907252007412
1210.0489857325335 332.29290943753165
1202.8360049937812 303.18035461418464
1195.47535100717 273.8964965857346
1187.9908605421417 244.519341337508
1180.3983487023927 215.1208514084928
1172.7280138165136 185.85545150043902
1164.9396326309256 156.65204612619385
1157.0023078886986 127.56761559634361
1148.8047959915461 98.60998508921551
1139.818627066497 69.72681221059872
1117.3721374985591 52.31811613533902
1087.2902419499949 49.22198397715159
1078.2607647247705 36.27992730423663
1107.947532285659 32.85847861293556
1137.9545510002176 31.288711140271854
1168.2375769103883 30.445274671543856
1198.6061442797793 30.062044762007833
1228.569884992721 30.00439206638286
1258.8576264071755 30.09552466305599
1289.4016499666561 30.433650725027707
1319.6870338884103 31.356619875316525
1349.8250550484008 33.75349429182052
1379.2740609639282 39.74315562894497
1407.1479827638673 50.783765522839445
1433.8416384733166 64.66267246328405
1458.500721886111 81.8082653482497
1480.1977743358316 102.65194006477877
1497.4042718513736 127.31954405903468
1507.917222256968 155.34817602936351
1509.2641142302346 185.22833125212432
1500.2012564838878 213.67774979765372
1482.3112155090068 237.79146670869696
1459.120049005226 256.98124563678886
1432.3037994178335 270.7905836352943
1448.3746077665944 285.82976051270344
1475.3720650501125 299.57263338192615
1499.8145534936339 317.45652219554734
1521.140589198918 338.5960372395683
1538.537120557638 363.13795544108746
1549.1355614771994 391.3361187856986
1546.2864549679089 420.9423012564539
1532.4200137154796 447.5911720169795
1513.2420165703172 470.828050109639
1493.3049637196173 493.5150412845735
1463.7801066470777 495.56439786705846
1433.5837340739267 496.16832531852145
1403.3873615007758 496.7722527699845
1373.190988927625 497.3761802214475
1342.9946163544741 497.9801076729105
1313.1498802493795 498.48601211711673
1282.6569589263727 498.73015568993793
1252.4487985960038 498.54862285124216
1222.2770002785837 497.5887526037578
1192.2435821411627 494.2737071948866
1185.0001416742562 491.0001983246397
1488.5611819249093 437.90506095499575
1493.659555020353 408.5253334899186
1488.4213385182434 378.96675020860164
1475.6318683416634 351.6240516278399
1457.0201297172841 327.74132306192377
1433.774158430855 308.4519140646123
1406.7479559980948 294.8025184739546
1377.7034531362222 287.75807538041073
1347.771677133155 283.3887776753972
1317.6649530903787 280.6253604644059
1287.2917366382367 279.46936029046503
1257.1255371843072 281.6133900199303
1254.2631876558335 306.5810479275223
1261.1952517380219 335.8758310525389
1268.3073965878043 365.0161045742276
1275.6456472984148 394.5069932208281
1283.0383196425003 423.6495722445829
1290.70051955779 452.9239490901598
1306.557787562553 475.7881788890016
1336.1286731013245 480.5688752657003
1366.3592677946551 481.3418541802667
1396.5988735267833 479.86650456526394
1426.4971036653678 476.2557281634814
1456.0590821851642 469.309213634733
1470.9130737014416 462.06796239066347
1448.8214319657745 214.42820422463828
1452.733357361541 184.82249588925228
1448.5126723464793 155.04568243810792
1437.7386416891038 126.85711496575117
1421.0923445878313 101.76264050331699
1398.9802237497718 81.40547848792991
1372.741917701354 66.93413392714527
1344.0000724012684 57.73801090095357
1314.158156473373 52.59823059955134
1284.0039871803374 50.34270933955962
1254.1444526535868 50.020871354856084
1223.6615321016718 50.600056130521935
1194.4677204255054 56.832878514449405
1199.0141464315905 85.69319206009752
1206.5737994217643 114.85450894758685
1213.8112352864432 144.06283010547705
1220.8441995441592 173.2341352832253
1228.5606809922783 202.56905602908355
1236.473802831204 231.93870366433688
1245.7123753030085 260.66384883827993
1275.178436343524 263.8389343059584
1305.1323591409202 263.8465587783443
1335.1251987156672 262.85483012342894
1365.3177313658964 260.99400385236004
1395.3778175862215 257.3668139058555
1423.8991062266011 247.90505965111925
2556.0 448.0
2536.5422639943613 425.3608326357855
2521.435603720313 399.40122438880627
2511.398414752665 371.12595759163537
2505.3985220311006 341.609128590487
2502.112933203984 311.71230805295653
2500.5228286458373 281.57564788688717
2500.010140023098 251.34887435679067
2500.266439711171 221.18276053165192
2501.5327953401907 190.89711984294894
2504.3344035522637 160.9695840221406
2509.5873348371106 131.28957004929862
2518.6699018538866 102.54170302380132
2533.0593606501643 76.12738096184344
2552.945131542069 53.60468104822735
2576.630512457368 35.28499526906728
2603.9937935212542 22.925778602341225
2633.6325968030496 19.02465938003625
2662.997414948333 24.848177705792676
2689.216522606613 39.573973683885555
2710.445599685012 60.65375375210301
2726.6641589191927 85.90894712755835
2738.1163003265992 113.76986881784481
2744.732922954936 143.16829653645948
2748.7309876847708 172.99231274200466
2751.115913296209 203.10415800882168
2752.2564617889625 233.20968123974615
2752.31685511562 263.3227033922778
2751.322412209092 293.36847254627503
2749.1652169144063 323.4338328903298
2745.550797006096 353.3984815331179
2739.747519565154 383.01440257705013
2729.4323884831438 411.0494561764486
2714.193762455589 437.1568291237055
2693.9267670520053 459.1593036214504
2666.786581962807 471.8135859107248
2637.051639886732 476.8005984594057
2606.9288842068404 478.84365149566884
2579.036337548727 468.779611908968
2556.6265044777465 448.62580603407974
2556.1704959794793 448.1704452112407
2683.0592626338785 437.42781858451133
2698.403948099422 411.8628606560554
2706.221766091488 382.89299931266544
2710.1308160410963 353.11293953174504
2712.0567111481932 323.143631107992
2712.883166090707 293.1777586595525
2713.0558848280907 262.9456924654256
2712.7987055688945 232.8965692854835
2712.039878599368 202.58886130153763
2710.5309663873263 172.35620152873545
2707.8706054806266 142.41934642186524
2703.2573793712813 112.63961633042965
2695.097502831196 83.67454789172515
2680.2324729726574 57.72998089762976
2656.0770175330617 40.23506551679313
2626.8421862324885 34.12015903368332
2598.1240317661673 42.04634346824067
2575.074783183503 61.10344751566145
2557.9655840287865 85.85643894301644
2549.7887405748907 114.5726350961626
2546.8708563283108 144.53991187832668
2545.682558395353 174.70714858076101
2545.1862396780307 204.8971481811833
2545.0157179266284 235.24962097085333
2545.017415085708 265.4845886162841
2545.192465984989 295.73037994103316
2545.6954679274822 325.8075975868212
2546.8941945738916 355.85421137558063
2549.854762309706 385.8525079778629
2558.227436853859 414.68014914453863
2575.7207410522765 438.79075378286984
2599.286180143445 457.4002572080765
2627.0631281355513 468.7984517780846
2654.4045534285437 457.43478215782744
1820.0 272.0
1821.9456807306372 255.96965336226415
1851.8520584097814 253.58410461801796
1881.8136915810544 252.2183255858066
1911.8388607667382 251.29780441874985
1941.8365142472599 250.67055641511422
1971.9162380154753 250.26639224111995
2001.929442129864 250.05121144477226
2031.8948569557062 250.00155180191143
2062.0391899629444 250.06399683250888
2092.055340889792 250.2400257282553
2122.1712775510227 250.57778530681853
2152.2887940778355 251.15949845906923
2182.3812473505413 252.15405762722966
2212.391005749798 254.03451353117052
2236.1325152173463 262.1061132350729
2206.468615212383 266.030742022756
2176.537097683498 268.12465139097054
2146.557827437877 269.7282356588876
2116.518377720076 271.05021374326054
2086.5284649108644 272.1656240764118
2056.4514266179926 273.1166521171774
2026.4629233046621 273.9148887918942
1996.3834427098302 274.5694289523648
1966.2915585512899 275.0709200262704
1936.2646154850174 275.39795547124015
1906.2239143960855 275.5087405066554
1876.2095364129823 275.31043140505807
1846.1311986756486 274.54455085576564
770.0 225.0
760.5206834947352 197.4211137110175
780.1665132292607 177.0078057514935
809.9190189033327 176.20211964509227
828.4504797790125 196.336439940155
820.007644115539 224.5422227632725
795.4972549744562 239.99407869358438
770.2085720829026 225.2367406807825
1814.0 151.0
1829.7610198684197 135.71062673914582
1859.5842264901748 132.77658223950382
1889.611593051192 131.4337814511493
1919.6919861877536 130.70839954857024
1949.8029048625785 130.3058428573753
1979.9606951766295 130.09589951934757
2010.1403009309897 130.00993000797902
2040.3115411854542 130.00915313449732
2070.379225845038 130.09752431075503
2100.416146234595 130.3079169290802
2130.50172725167 130.69482620711102
2160.563879311604 131.35566266717603
2190.644415442382 132.50739074142606
2220.62905893488 134.86033646188667
2228.751147080039 145.25646831936237
2198.9896540489203 149.08187075816252
2169.0419815380783 150.93834421510982
2138.9727202034883 152.10675585891394
2108.911080245136 152.8945312814347
2078.8783468264787 153.43685176367933
2048.8216738863935 153.806906118642
2018.7604637779975 153.99864638233817
1988.6373443354362 153.96269026641298
1958.5404590213311 153.8728375933553
1928.4748591429777 153.71840787362132
1898.372719337792 153.47916699835264
1868.3187326550399 153.11447353801483
1838.2877267097185 152.50692019816483
