415.0 2910.0
405.8784532794934 2856.1054009141553
403.40543228376174 2801.048968108574
402.1484782775777 2746.021660114793
401.3947699799637 2691.0320189522495
400.90689483106826 2635.8596101683092
400.5819486007131 2580.883742588221
400.3612201819156 2525.789639886745
400.2122048314164 2470.6886110779737
400.11401013758416 2415.7106045768305
400.05215852832197 2360.6262215916922
400.0171047736599 2305.5244500069066
400.0018514705388 2250.3284240153444
400.00060748765384 2194.908560525871
400.00733160890957 2139.332906153633
400.02539262971294 2083.628687858802
400.06082836723766 2028.3809038145655
400.1229934123383 1972.9838793227225
400.22496717566696 1917.7669242337665
400.38868019092274 1862.2907770935583
400.6462324353152 1807.1836646868112
401.05878401344967 1752.0431429130188
401.74363385584644 1696.97557777194
402.98209935974 1641.833813334567
405.69553356719734 1586.7994903937076
417.02530439761983 1533.2596758161567
440.0 1505.6183586389507
440.0 1560.824425929647
440.0 1616.0304932203433
440.0 1671.2365605110394
440.0 1726.4426278017356
440.0 1781.6486950924318
440.0 1836.854762383128
440.0 1892.0608296738242
440.0 1947.2668969645204
440.0 2002.4729642552165
440.0 2057.679031545913
440.0 2112.885098836609
440.0 2168.091166127305
439.9998775571108 2223.377848456388
439.9841640858979 2278.8417997704846
439.94160816167533 2334.0927351738123
439.87084413815546 2389.347456195011
439.7696681253757 2444.748485260055
439.6361810732055 2499.927324433158
439.46582562031756 2555.26581805125
439.25389892844396 2610.5510793058256
438.99302616015757 2665.7362853369295
438.6698732317491 2721.069249828559
438.264877717014 2776.347048049518
437.7374955504372 2831.6019320364503
436.98397683664024 2886.7265410435684
433.5337107718559 2939.0410166892666
500.0 2616.0
500.09639240490094 2561.271369827339
500.40622319214464 2506.107955039309
500.97565839657074 2450.9562250636177
501.90407349903137 2395.8192305905277
503.4628454299118 2340.7722597595757
511.8236621527809 2290.6210692787313
565.3944645186122 2302.3396513980615
619.0399735528292 2314.7144415423477
672.7797180932417 2327.4106075636323
726.489131396771 2340.3594097000437
780.1642141220134 2353.273596154146
833.7772430590369 2366.1132190923395
887.495923474695 2378.935868181152
941.0161260675384 2391.678881406732
994.6228466335004 2404.416280138645
1048.2438115631305 2417.1347444122234
1101.905449301547 2429.9121726590656
1155.4054367784572 2442.7056479252833
1208.9054242553677 2455.499123191501
1167.2104749399875 2485.996494230712
1121.8286882793568 2517.0837120043548
1076.4469016187263 2548.170929777998
1031.0651149580958 2579.258147551641
985.6833282974651 2610.3453653252836
940.3015416368346 2641.432583098927
894.919754976204 2672.5198008725697
849.5967271119086 2703.6852829490263
804.0577709758305 2734.992217826021
758.5076704857056 2766.2554326565873
713.0564514532653 2797.3968455711747
667.5752900189245 2828.4980413076205
621.9424051741707 2859.626518640585
576.3117858986723 2890.635986516177
530.5475305574281 2921.366449752755
500.0 2923.9127510028034
500.0 2868.904372828048
500.0 2813.8959946532927
500.0 2758.8876164785374
500.0 2703.879238303782
500.0 2648.870860129027
1270.0 2218.0
1270.0 2163.0844909581965
1270.0 2107.8784236674937
1270.0 2052.6723563767896
1270.0 1997.466289086086
1270.0 1942.260221795382
1270.0 1887.054154504678
1270.0 1831.8480872139776
1270.0 1776.6420199232812
1270.0 1721.435952632585
1270.0 1666.2298853418888
1270.0 1611.0238180511926
1270.0 1555.8177507604964
1270.0 1500.6116834698003
1295.226431383885 1537.9322847510564
1304.6810414343856 1591.8377105557984
1307.1652951482247 1646.7517097850289
1308.3320545528709 1701.776654316868
1308.9856902654878 1756.8474001442528
1309.3810971313014 1811.9611586417552
1309.629185651791 1867.2413103783906
1309.7851374498164 1922.206194069088
1309.8830369820314 1977.2661109862574
1309.9425042938508 2032.3879181316413
1309.9765434627195 2087.9421250930727
1309.993441036305 2143.203412074687
1309.9995433837394 2198.234247980279
1309.997640827729 2253.9917603828467
1309.9810371803367 2309.6367559107916
1309.9439298484606 2365.098658992327
1309.879125939987 2420.4491790941634
1309.7768330419383 2475.5941117340476
1309.6222197502814 2530.753878970699
1309.3917469074734 2586.2244518748794
1309.0530688482913 2641.346717061807
1308.5457552668056 2696.4040397170766
1307.7544182328543 2751.520296784097
1306.419485813138 2806.6531733636057
1303.716516679662 2861.774310616031
1292.3639366512398 2914.8682351913276
1273.6261005952724 2915.52930976522
1272.6174327898168 2860.5954378065926
1271.9931282499713 2805.406906764202
1271.5316654214357 2750.229478485947
1271.169864658123 2695.1195922852207
1270.878513779763 2639.993090611841
1270.6423460812864 2584.9470464015885
1270.451125152983 2529.855978070438
1270.2983513440743 2474.6257165019597
1270.1800742287135 2419.3674094664925
1270.093171268315 2364.065895227061
1270.035716035733 2309.0692698169173
1270.0054367460466 2253.738197970153
325.0 2760.0
315.34261834397813 2706.2792027511996
312.81676158401086 2651.3191012024645
311.6073494426575 2596.2347579929487
310.9279050692556 2541.081440607047
310.52253640366547 2486.0195345650136
310.2752670481821 2430.731792036966
310.1282132511914 2375.4843842259766
310.0463749485343 2320.133732162238
310.0084938159406 2264.9081581927735
310.00010420689483 2209.4361500115256
310.00766306134847 2153.8808347807862
310.03462372673243 2098.3084775963334
310.09525401326107 2043.165962614495
310.21394175962746 1987.8007436104565
310.4301249815576 1932.734690954714
310.82139887343163 1877.5325242001536
311.55143986655264 1822.2843424127059
313.0561409334423 1767.0879241330695
317.2081628332155 1712.1656645438459
338.52200737796767 1662.2169889330485
350.0 1679.4327481139858
350.0 1734.5577416970389
350.0 1789.6827352800922
350.0 1844.8077288631453
350.0 1899.9327224461986
350.0 1955.0577160292517
350.0 2010.1827096123047
350.0 2065.307703195358
350.0 2120.4326967784114
350.0 2175.557690361464
349.9989412934883 2230.496752030347
349.96844752466706 2285.7575799826486
349.8942988327587 2340.936844765285
349.77359670572173 2395.9620868480088
349.60008138499575 2451.3013413319836
349.3672124665698 2506.5076524339765
349.062175692602 2561.7619388178937
348.66555956369575 2616.8800667194255
348.13751583434066 2671.9714056262546
347.38174412244473 2727.0434144799597
345.88759784331296 2782.127688647101
1360.0 2218.0
1360.0 2163.105654925657
1360.0 2107.9806613425962
1360.0 2052.8556677595357
1360.0 1997.7306741764748
1360.0 1942.605680593414
1360.0 1887.480687010359
1360.0 1832.3556934273058
1360.0 1777.2306998442525
1360.0 1722.1057062611994
1360.0 1666.9807126781461
1378.385139121696 1672.577708682544
1394.2684058969917 1724.6331296372425
1397.39769383019 1779.5156330915604
1398.6558231597498 1834.6296695114363
1399.2873506719866 1889.8622047558347
1399.6300862691296 1945.1118828644148
1399.819581824449 2000.2704018810834
1399.9225291796022 2055.701739546177
1399.9739502623513 2111.0692434437688
1399.9952524853904 2166.043791403706
1399.9999573700054 2221.503787193194
1399.9861882199916 2276.924454676958
1399.9401627843297 2332.1763481488524
1399.8466570409198 2387.3432904532997
1399.6817433290494 2442.572613339829
1399.4065907335794 2497.838375211346
1398.9542810430462 2552.980689599954
1398.1901026998669 2608.141875526272
1396.7939767394134 2663.347489464208
1393.6785717632365 2718.3709270958734
1379.076293695884 2770.642869831392
1363.2833912713813 2758.9718568464154
1362.262050885039 2703.9656457635147
1361.620487794044 2648.8124942585005
1361.1544880425427 2593.6963699426215
1360.8005613941468 2538.6763006202614
1360.5276386391922 2483.4545059879447
1360.3205892063456 2428.1622217381087
1360.1703066951745 2373.0980745771635
1360.0692843743739 2317.9202850086654
1360.013698073371 2262.781670463786
237.0 2611.0
224.74654169845897 2557.866711817043
222.0184868108914 2502.926569782468
220.91902353268438 2447.8474483709583
220.39903274924416 2392.878643800444
220.1462074707373 2337.752185388417
220.03430401218307 2282.5252697111973
220.00072265771726 2227.559489450427
220.00741819041852 2172.5267310206505
220.05371658776895 2117.2289968692944
220.18573232428062 2062.0671385793794
220.4986424674827 2006.9661462692036
221.2205398967223 1951.8854108955966
223.08966588491208 1896.7839294091748
231.3611596491086 1842.509579849323
255.74688465328035 1845.1278397713097
258.0648386518672 1900.1245443777216
258.8905986208878 1955.2424436685455
259.3085901111214 2010.20876409137
259.5625147744777 2065.4209297094267
259.7411468454233 2120.7359285101857
259.88626123709764 2176.0393563972807
259.9995518729712 2231.3778272341665
259.9734673816871 2286.397876914919
259.903403773946 2341.465560643866
259.7812999600298 2396.6299135183353
259.5943693042166 2451.676968883217
259.31759202362565 2506.7294670904726
258.8938637696405 2561.894709356847
258.1167418070969 2616.9883907829076
238.8173608651826 2613.892419658127
1450.0 2225.0
1450.132982897273 2170.0403999063046
1450.2802618611845 2114.7740644199175
1450.4641531165869 2059.66082536456
1450.7303276539615 2004.5427865503152
1451.1791243142818 1949.3090605276948
1452.0837424260826 1894.1662057375179
1454.8417194166382 1839.0957474795243
1480.671356013282 1848.3359472790637
1487.2186932916636 1902.8581495598091
1488.8829463839954 1957.9352679248402
1489.5432648014664 2013.0280012782066
1489.831238646279 2068.068508214206
1489.9526149441808 2123.3262230777527
1489.994054868555 2178.3999428518655
1489.9993382984014 2233.7127252134756
1489.978422732416 2288.759099103188
1489.9011943683622 2343.831194356007
1489.7048301346383 2398.888678071322
1489.2539784801 2453.9546469878
1488.1959365108487 2509.0127388431165
1485.179107378332 2564.0050908348658
1469.3219855266368 2616.017021710045
1450.0 2624.646331326168
1450.0 2569.626185586667
1450.0 2514.606039847166
1450.0 2459.585894107665
1450.0 2404.565748368164
1450.0 2349.545602628663
1450.0 2294.5254568891623
1450.0 2239.5053111496613
147.0 2465.0
134.4914351780634 2411.7658466874395
131.37687545473065 2356.9072465867375
130.34968589853943 2301.9365153729445
130.03222869170688 2246.9286364548234
130.0133405745366 2191.8008733677816
130.20747195955494 2136.660857012968
130.97619099873862 2081.5861671750786
133.89067249590394 2026.5378280463908
150.22752497469625 1974.6587125379556
170.0 1964.451131640831
170.0 2019.5475995549439
170.0 2074.6440674690566
170.0 2129.7405353831696
170.0 2184.837003297282
169.99586677360148 2239.809175981447
169.91973639102326 2294.9910876676863
169.7289374443536 2350.088592523012
169.37310266994038 2405.162667173957
168.69795754537512 2460.2356265381286
158.5171338935932 2487.651903098106
1540.0 2225.0
1540.0 2170.099303733409
1540.0 2115.0849414289987
1540.0 2060.070579124591
1540.0 2005.0562168201877
1540.0 1950.0418545157845
1566.898427405203 1987.2606712900943
1577.290934040587 2040.9400614738915
1579.3032431019215 2095.963354117252
1579.8657504272098 2151.0171419523067
1579.996431692377 2206.199551888728
1579.7480802934658 2261.2467107035086
1579.1793709862816 2316.3595234723894
1577.8823246033862 2371.419227334635
1573.8005513882424 2426.3448377094905
1555.730129076893 2477.86555170046
1540.9133819787817 2480.746954058843
1540.716903366457 2425.732942607986
1540.5204247541326 2370.718931157129
1540.3239461418082 2315.704919706272
1540.1274675294835 2260.690908255415
38.0 2287.0
10.396366367935585 2239.460408744778
20.601640124236948 2191.5170477763736
48.031046229917166 2143.8116396066202
78.11761662386677 2125.4024419151156
79.98975560862614 2180.3057060592337
79.98953279285051 2235.3813925973927
79.66900690547304 2290.4444581687903
78.49309599281952 2345.495196173777
50.27320468475798 2308.042671564201
1630.0 2220.0
1630.088227097516 2165.0480074239063
1638.1688880209872 2112.795677900673
1669.7146526405602 2157.048216254967
1697.2658561145129 2204.69090481358
1692.369543612346 2251.8233167542808
1663.7097163491196 2298.7849601801513
1634.84256776431 2325.9235341272934
1630.768194078277 2271.0800414121663
950.0 2084.0
896.5853970699283 2071.0644034011393
843.0817598587915 2058.0851975204464
789.4082436146134 2045.045174631308
735.7315773784088 2031.9844488798374
682.0765887180883 2018.904888824716
628.5185417267752 2005.809551684985
574.9939013094079 1992.9188967730445
521.3120980968786 1980.092271226688
527.6913794057997 1956.5390803961336
573.2088926072962 1925.4753147531935
618.805677498999 1894.488305189205
664.4607709935815 1863.5066592843905
710.0848711912334 1832.5641954756834
755.6958967320919 1801.6383956522675
801.2542651741236 1770.7504551688241
846.8113628556553 1739.8617323547103
892.4714354430967 1708.8813376664195
938.1157350567751 1677.8970375470462
983.9046030754124 1646.8928754248363
1029.668316297555 1615.9937927570859
1075.4192426429238 1585.210519301972
1121.1915422485079 1554.5613672584013
1167.1278095658822 1524.0702902272244
1206.3257933796579 1510.0657506417685
1208.1181540366345 1564.967908612146
1208.9740978364612 1619.9478296757736
1209.5000055695573 1674.996525804263
1209.8179817578996 1730.2704847597333
1209.973770558783 1785.352006667866
1209.9981668245275 1840.5275670912033
1209.963045597884 1895.9781415020814
1209.838082433137 1951.092500905727
1209.5028407738105 2006.308556161005
1208.6212313759077 2061.419056079017
1205.4908561329516 2116.448158880501
1166.9995691222666 2134.3650323601087
1113.2216114861508 2122.516182742577
1059.647864879017 2110.133137023009
1005.966747627118 2097.4437922712236
952.3051810960784 2084.5575470079166
80.0 1045.0
80.0 990.2889621952258
80.0 935.0713407070743
80.0 879.8537192189227
80.0 824.6360977307694
80.0 769.4184762426161
115.79914524553729 750.0
171.01676673369064 750.0
226.234388221844 750.0
281.45200970999736 750.0
336.6696311981507 750.0
391.887252686304 750.0
447.10487417445336 750.0
502.32249566259907 750.0
550.0 757.5401171507447
550.0 812.7577386388904
550.0 867.9753601270361
553.1929816151818 920.0
608.4106031033274 920.0
663.3871777543587 920.0095201240097
719.4138827503107 921.066520008384
746.2561140285161 952.9457440378667
692.202307259625 959.2409718286534
636.4428398998386 958.1173113179269
580.5413864987294 956.6805483717623
525.3419078142566 955.2651771234425
513.453597919243 910.154339658045
511.55577304348793 854.9693426089786
509.67444704087995 799.7837798658115
473.5776512957754 780.0
418.3600298076298 780.0
363.1424083194841 780.0
330.0 802.0752131686615
330.0 857.2928346568073
330.0 912.510456144953
330.0 967.7280776330987
330.0 1022.9456991212444
330.0 1078.16332060939
330.0 1133.3809420975358
330.0 1188.5985635856814
330.0 1243.8161850738272
330.0 1299.0338065619728
374.25142805011853 1310.0
429.4690495382642 1310.0
484.68667102640984 1310.0
539.9042925145556 1310.0
595.3818969958305 1310.089349926893
651.0405753314735 1310.548270516296
706.7104992385666 1312.2513664775724
745.5113701979607 1330.568852841266
691.2908142023135 1337.3899360426499
636.2384108817547 1338.9177156905835
581.3914383186807 1339.555514637254
526.2390581265846 1339.8477336056449
471.12750461920643 1339.969272854825
415.7602205445199 1339.9999954374055
360.07760273833344 1340.0
304.8599812501878 1340.0
249.64235976204213 1340.0
194.42473827389645 1340.0
139.20711678575077 1340.0
83.98949529760512 1340.0
80.0 1288.7718738094595
80.0 1233.554252321314
80.0 1178.3366308331683
80.0 1123.1190093450225
80.0 1067.901387856877
80.0 1045.1051221048901
295.0 989.8875006167445
295.0 934.6698791285988
295.0 879.4522576404531
295.0 824.2346361523075
279.0170146641618 785.0
223.7993931760161 785.0
168.5817716878704 785.0
114.98037121561829 786.6357320318085
114.31780746063366 841.8493782805278
113.65524370564904 897.0630245292471
112.99267995066441 952.2766707779664
112.33011619567978 1007.4903170266857
111.82218165206842 1062.95710451736
111.63403834597078 1118.5043609149736
111.70732464110654 1173.9625317289401
112.17208961546591 1229.5976583077131
113.63786177480978 1285.080041469274
153.95256151283155 1308.2597250403412
209.55956253359966 1307.9127421863545
264.74512527676677 1306.0314161837466
295.0 1280.0548290876275
295.0 1224.8372075994819
295.0 1169.619586111336
295.0 1114.4019646231905
295.0 1059.1843431350449
783.0 1324.0
745.426320931983 1286.0544439954215
731.0996664671272 1233.0085154232945
730.0 1177.7027988481134
681.9687422411953 1170.0
626.6039798026567 1169.99823063962
570.7971935260048 1168.9551220236697
534.405166829254 1147.3823387638165
588.6419465721604 1140.3825488902487
644.5737453104464 1140.0
700.3078019173664 1140.0
747.1403592552884 1119.506282009489
785.1824121843811 1078.774386954097
823.2244651134738 1038.0424918987048
861.4578673182175 998.1573549240317
901.6081077757751 958.5830054056604
940.4593158859701 954.1819239806871
909.9146190445362 998.7900525587289
872.5654987791776 1039.6971963992903
833.6947708029498 1080.7666308191085
795.3639716651893 1121.2269187978557
770.0 1166.8541306892923
770.0801292510363 1222.191941685807
780.9536580608016 1275.6536958487968
830.478286249848 1296.0783307335405
885.3329528232413 1299.4025095194445
940.5241076088619 1299.9725922554037
995.945345480999 1299.9840319732966
1052.345343127762 1299.63187439822
1108.2521437721168 1297.1009264195682
1155.9828560772642 1274.2507348526856
1205.588915943308 1265.7626726798758
1240.937079685421 1297.4814510090093
1295.8173782709487 1299.5295698647303
1351.3480871359134 1299.9368192324418
1407.4063238093281 1299.9999364942198
1464.0224698196298 1300.0
1519.756526426542 1300.0
1575.4905830334542 1300.0
1610.0 1278.7753603596334
1610.0 1223.0413037527212
1610.0 1167.307247145809
1561.5731905388966 1160.0
1505.8391339319844 1160.0
1450.105077325072 1160.0
1394.3710207181598 1160.0
1390.0 1108.6369641112474
1390.0 1052.9029075043352
1390.0 997.168850897423
1390.0 941.4347942905108
1434.2992623164014 930.0
1490.0333189233138 930.0
1545.767375530226 930.0
1601.5014321371382 930.0
1609.0751914185512 883.8045940452299
1606.7719787759045 828.1181502136737
1592.4219620579727 784.8074790110915
1536.6944329186567 783.9545066263059
1480.966903779341 783.1015342415205
1425.239374640025 782.248561856735
1369.5092552617143 781.5990787336215
1313.778070656072 781.0332799051378
1258.0468860504295 780.467481076654
1210.7200211185775 789.5998416106692
1203.7001201175772 844.602699320724
1203.3978743671382 899.7713991965652
1201.985795161725 954.3720745865583
1169.0125491804095 997.9318924954799
1131.6129683922545 1038.380862319291
1093.457434941797 1078.820899115356
1054.0946175776085 1118.2280968242603
1008.2112343038467 1142.1175999486582
1031.1170600761034 1095.5761095876742
1067.4128858830966 1054.215188720791
1105.5701641653218 1012.538326486143
1143.2114425024179 971.4357811755207
1171.1560836544022 926.9192966432352
1167.5360301742705 871.9439695066357
1157.6006354958504 817.7667263542108
1114.1905652605549 787.336751493823
1059.7490883905614 781.3674558382854
1004.365064233874 780.1320434453814
949.605097168442 780.0002873747491
893.7008376605812 780.1152341355069
837.9144633953641 781.4184566460581
787.0373894243693 798.6071430900763
743.2611043907829 830.0600728575208
748.6731638650855 790.2516143197275
785.0559090446302 748.3501724664552
839.2636974311347 743.9678450181651
894.9864605365756 742.8459101905388
949.8878070411496 741.6720825181034
1005.255795396775 740.9051568275421
1060.7998072092928 742.173886326809
1115.9390771272442 749.4400645700243
1169.4880234298425 760.2214061476138
1222.7024288235962 753.3195010327548
1278.3420232911299 751.4189793232886
1333.7998161435683 750.4214662627236
1389.6933835878256 750.0188651671937
1445.2330434759483 750.0
1500.9671000828605 750.0
1556.7011566897727 750.0
1612.4352132966849 750.0
1640.0 778.1692699035971
1640.0 833.9033265105094
1640.0 889.6373831174217
1640.0 945.371439724334
1608.8945036687537 970.0
1553.1604470618415 970.0
1497.426390454929 970.0
1441.6923338480167 970.0
1420.356733825779 1003.01385642729
1422.654189104413 1058.7005385059106
1424.9744282399781 1114.3862777594777
1480.0985487951943 1116.530515244311
1535.811095150447 1118.0788157518816
1591.5232585365395 1119.640839024389
1640.0 1128.23826522794
1640.0 1183.9723218348522
1640.0 1239.7063784417642
1640.0 1295.4404350486766
1628.8255083444112 1340.0
1573.0914517374988 1340.0
1517.3573951305866 1340.0
1461.6233385236742 1340.0
1406.6527621442538 1340.0
1352.144175036248 1339.877353358742
1296.7839244741508 1339.3786746141648
1240.8476898843319 1338.1110642617791
1185.222022664353 1334.4134002572082
1136.387270938072 1331.4129927636202
1081.7461560538848 1338.2363079831412
1026.6104316016304 1340.2980756138973
970.7347982871934 1340.4486307194622
915.1373755157558 1339.084306192564
860.0016033954821 1336.0296662501135
804.8836870590721 1329.7955153737214
80.0 345.0
80.0 290.48352519305354
80.0 235.36796824537169
80.0 180.2524112976899
80.0 125.13685435000693
93.9096192228473 75.29559120001112
132.19013812898916 35.21125850356716
181.625666111451 11.525397497381576
236.04644382764883 3.331397270101043
291.14834625379217 0.6712991036137552
346.8923364745586 0.011455657245193152
402.6354440266216 0.2867161005269673
458.11357629058483 2.1613109865306503
513.105278084095 8.987153410993393
563.218049751639 30.885703458618252
604.1676954881657 67.45156989644974
644.0509741832427 36.17969371781064
693.3756233527489 12.722178823862478
747.980759831637 3.9337254478185173
803.2168799540484 1.3582989641789567
858.124581845403 1.4550912514107566
913.8460991068416 2.8951840989218205
969.0963914461367 5.430674842114859
1024.2467926726063 11.646158375650362
1074.5634554074516 33.386558421041855
1111.1107414061555 74.56402351370951
1127.2295082944775 126.94778028885324
1130.0 182.09252938331775
1128.376020603464 236.4961070031079
1087.8402282953148 273.8401046413242
1047.3044359871653 311.1841022795405
1006.7686436790161 348.52809991775683
966.0243323900226 385.6589349909326
923.9671668703 421.7953336902354
879.7974166736449 455.57463779994026
863.3425177707395 437.2922882298937
903.0351449008452 398.75873790923134
943.234739702094 361.0688119177343
984.3379068204085 323.24912572522413
1024.8991544087285 285.9327779439697
1065.4604019970486 248.61643016271532
1101.6303597137885 209.54780577837874
1097.8959299906828 154.6848711056565
1087.6832358764345 100.20962624373594
1051.2329097766751 59.24232448511192
1003.5393468067386 40.0
948.4237898590626 40.0
893.3082329113865 40.0
838.1926759637105 40.0
783.0771190160344 40.0
727.9615620683584 40.0
677.2845074587683 50.71549254123174
640.9383775235689 91.8219741917265
619.0619287326082 140.46412842716347
576.928059947845 110.20644855212282
546.064266116573 64.26331125922735
495.14769817608334 45.514370463542264
439.89741669485517 41.118569864840886
384.5800950554727 40.09307251684517
328.78387475516223 40.06216588608751
272.9340284392339 41.01856844236364
217.64377716149394 44.551100847167255
163.96914832896417 56.844660360435704
128.0491966532759 96.27108880426485
123.38722371363325 151.1186708550611
121.42558603661662 206.2965272600744
120.41710620021962 261.5890573719116
120.022097197614 316.7677516122044
120.0 372.54970057493597
120.0 427.665257522612
120.0 482.7808144702881
120.0 537.8963714179641
153.0119283656403 560.0
208.12748531331658 560.0
263.2430422609928 560.0
318.3585992086691 560.0
330.0 515.9267617029192
330.0 460.811204755243
330.0 405.69564780756684
330.0 350.5800908598907
330.0460891925533 295.24233197580537
330.35798466823655 239.46148917002415
331.7654621432045 184.0673989616034
352.4654938160869 143.7545849162802
363.89601456070966 196.4298532009054
366.03183252730105 251.89599187722234
367.2189078334283 306.7964074232681
368.09310625655064 362.6364975529942
368.62559886118515 417.74948213266055
369.1580914658196 472.86246671232686
369.69058407045407 527.9754512919932
393.688595652343 560.0
448.80415260001894 560.0
504.16890034167426 560.0590369864796
559.83298655922 562.1778628059678
564.1763690010604 594.8405553789074
509.5661628277718 598.868134566514
454.3172176648602 599.7077527020389
398.5632209842364 599.9481346818479
343.3276930703952 599.9988505641198
286.89233050771605 600.0
231.77677356004 600.0
176.66121661236392 600.0
121.5456596646878 600.0
80.0 585.831020576276
80.0 530.7154636286
80.0 475.59990668092377
80.0 420.4843497332476
80.0 365.3687927855715
670.0 578.0
626.2124962309695 545.236313889751
599.2640381838884 497.64069334888313
590.3216838714263 443.58906210141987
590.0 388.04140458671543
619.2400955858336 345.545559106431
659.4456211582133 307.7953328056471
699.6511467305929 270.04510650486316
739.8017420692822 232.21136531780422
780.6013143743953 194.43844302044147
822.5410017816287 158.24035085437708
866.3480834078038 146.34487838368167
834.1755581927808 189.17660502338936
793.6846570287391 227.00906005485663
752.9044783030099 264.87595479699195
712.5644270054613 302.6680208663456
672.6154230200932 341.1644468615698
635.1368233507245 381.98055371618364
620.0872894406299 433.0450985031936
631.9653155607601 486.76555291541354
662.6030188680639 532.4638129908279
710.0513279258548 560.2367636068614
764.6706642794553 568.1339936092699
820.1425956151037 569.7924576257155
874.9780813636651 569.9793296625633
930.4378663448472 569.0764486221369
985.730247593735 565.3320486002655
1039.3937423563282 552.8727479767514
1079.980901891587 516.7375323505921
1105.6946499964233 467.91836217500503
1142.2522260784472 493.40998898216367
1173.4483568927355 538.8888112334516
1223.080125336117 561.3421070184661
1277.542308301702 568.045791553319
1332.6170441363402 569.8337565624752
1387.792761682199 569.9078872735963
1443.6775378963225 568.5921399058223
1498.9392174746495 563.6690434491838
1551.6084385378042 547.5244474056202
1591.7193805150453 510.1638412962139
1607.9604976657693 458.5774182291886
1609.857786964023 403.2757910917476
1610.0 347.8313829390283
1610.0 292.681007851357
1606.9735582678506 240.0
1551.8231831801795 240.0
1496.6728080925081 240.0
1441.5224330048368 240.0
1390.0 244.18501657866943
1390.0 299.3353916663407
1389.999356717714 354.29734235676386
1389.549038070623 410.55660678074605
1374.2744623249323 459.8146318848097
1351.9333649912676 418.64048864672753
1350.393046539809 363.6721735052256
1350.055170997186 308.66182858359275
1350.0000888122179 253.24747605695939
1350.0 197.138924675356
1350.0 141.98854958768482
1350.0 86.83817450001362
1341.6877994123424 40.0
1286.5374243246713 40.0
1232.0481369794968 39.9740682376531
1176.091217440983 38.58227523769275
1149.7470037213661 16.736364485377415
1204.3859754613356 10.308993144444095
1259.0476845850424 8.17959028036308
1314.7523642907702 6.805943257021516
1369.8868629287135 5.482715289710878
1390.0 40.03144626680016
1390.0 95.1818213544716
1390.0 150.33219644214293
1395.4825715298143 200.0
1450.6329466174857 200.0
1505.783321705157 200.0
1560.9336967928284 200.0
1616.0840718804998 200.0
1640.0 231.23444696817108
1640.0 286.3848220558424
1640.0 341.53519714351364
1639.621313235266 396.58572947304117
1637.2511316188904 452.34434556371207
1628.687683834069 506.9292936594927
1600.8141496858655 553.8319273987855
1553.1862875199631 581.6195280606341
1499.6087010091278 593.6879264828283
1444.389470769148 599.0812299219455
1389.2735180914397 601.3043547397785
1334.1752980864371 601.1049688488696
1279.0624357795455 598.3563671160423
1224.0349865215708 591.8319421975671
1172.0413171056784 574.8744660574623
1130.0734445564544 539.8041700583105
1087.4893599789332 557.1310765627643
1041.0613476257113 585.9491324586477
987.1513908168184 596.396747582287
931.8709954539453 599.3153167000406
877.073662562996 599.9768227019146
821.6966777382627 599.9095060596756
765.982443079061 598.9317854294517
710.8428352952106 593.3054703359899
