271.40553 521.63523
265.3145669157826 529.3538421829461
257.68270168443917 535.8635544563414
248.75090969640806 540.6772139305714
239.18466754277176 543.7499449442057
229.19517627156117 544.2973943446551
219.16860840167783 544.3054958397902
209.1416775750172 544.3135494163105
199.11411899307467 544.3231441668378
189.08566785734547 544.3358691839937
179.05605936932477 544.3533135604001
169.02502873050776 544.3770663886788
158.99231114238967 544.4087167614514
148.95764180646557 544.4498537713398
138.9804653350872 543.4854014503245
129.46703204513366 540.4202385034483
120.65542910033749 535.5132363188372
113.06972931380731 528.8741835531276
107.03913684058732 520.8037180411619
103.23707457455416 511.5531981814142
100.87799870047937 501.8287279551625
100.70605825604387 491.807869154614
100.69406040105069 481.778272014454
100.69631028355305 471.7486748742939
100.70035185828668 461.71907773413386
100.6941805344785 451.6028170828499
100.68742860144204 441.43161225896756
100.68062951579331 431.40837001615773
100.67356358282312 421.34656883395365
100.66614231095201 411.25853080157185
100.6582772086005 401.156578008229
100.64987978418911 391.0530325431418
100.6408615461384 380.9602164955267
100.63113400286888 370.8904519546005
100.62060866280109 360.85606100957966
100.60895915388502 350.67020296858
100.5962936425687 340.5470438180347
109.75900731823616 339.5476375732145
119.93327583572108 339.5476066122799
129.93599090173348 339.54751048589736
139.96197839078994 339.54731164693226
150.00687446211273 339.5469727530626
160.06631527492414 339.5464564619665
170.13593698844633 339.54572543132196
180.21137576190165 339.54474231880715
190.28826775451228 339.5434697821001
200.36224912550048 339.54187047887893
210.42895603408851 339.5399070668217
220.48402463949867 339.5375422036065
230.52309110095314 339.5347385469114
240.5417915776742 339.5314587544145
250.73535942682963 339.52758412443745
260.8985674227792 339.52313564384974
264.5643592163368 345.971948330423
261.5891614459122 353.1396772607878
251.43662607969233 353.1326870336299
241.36910492784224 353.1301798648843
231.24523052111746 353.1298200000075
221.12120079976427 353.1294660532928
211.05321370402888 353.1269766390338
200.89988306478557 353.12001671523365
196.3967580512319 358.6849516290148
196.40082979503381 368.7906336333773
196.4036520869011 378.96716237906526
196.40542693420974 389.00040593694206
196.4064367118634 399.0770306157175
196.4068971943859 409.1848014871165
196.40702415630116 419.31148362286376
196.407033372133 429.4448420946843
196.40714061640531 439.57264197430277
196.40756166364193 449.6826483334441
196.40851228836672 459.76262624383304
196.4102082651036 469.80034077719444
196.4129297958719 479.9825814176129
196.41688026433908 490.0951382174293
192.785835314638 496.60980243019856
182.7722511590232 496.61204127255803
182.80862461590687 486.5156451035492
182.83346597198343 476.3662789820554
182.83697469134762 466.1972833097365
182.8076350941024 456.04042027236625
182.7590121391556 445.9368058418294
182.7279694076224 435.7430241817057
182.7121549590151 425.70503069120747
182.70771253532808 415.637184979206
182.7115598566328 405.553196794331
182.7206146430007 395.466775885212
182.73179461450323 385.3916320004787
182.74201749121187 375.3414748887608
182.74820099319808 365.3300142986878
182.74715026750403 355.17240759500385
174.73119267319214 353.1501287411753
164.70209863469245 353.1578311008721
154.6712130108789 353.16187484177885
144.63965230376084 353.1622599638957
134.60853301534786 353.15898646722246
124.57897164764938 353.15205435175926
114.43729393832145 353.070064338867
114.4312058820283 363.09988982734995
114.43395813874771 373.2909857028976
114.43555734469675 383.3079873917219
114.43662273428168 393.3456379486822
114.43770502262744 403.3991417546879
114.43935492485888 413.46370319064823
114.4421231561009 423.5345266374725
114.44656043147839 433.60681647606987
114.45321746611624 443.6757770873496
114.46264497513934 453.7366128522211
114.47539367367257 463.7845281515935
114.49201427684082 473.8147273663762
114.51305749976898 483.8224148774783
114.5396488990655 494.0020911985715
114.98405733390346 504.10220516102254
118.75889040004334 513.4073889207478
124.87211996237428 521.3333955976711
133.0954274332133 527.1299469273563
142.58851045598578 530.358552933488
152.6723880978787 530.7769700722662
162.70199503610309 530.7751526921949
172.7316019743275 530.7728690175979
182.76120891255192 530.7711570865625
192.79081585077634 530.7710549371753
202.82042278900076 530.7736006075233
212.85002972722515 530.7798321356934
222.87963666544957 530.7907875597725
232.96107941760565 530.7484177642654
242.83272777193682 528.5267737677945
251.5644709670981 523.4758691714244
258.4425789121578 516.0895905857711
262.96422733538105 507.1599122511608
264.50545011756094 497.1823898534384
274.0766114182703 496.5293108491015
279.05168943584664 502.22847903105185
282.15373836347976 511.8353494517716
287.80067207802506 520.0606407399328
295.6644028534721 526.3296217773152
305.10032807357345 529.9543234625676
315.15993883960516 530.7513937986746
325.1879968513283 530.7564286443113
335.21779097054446 530.7649345301572
345.2486521764588 530.7735682568339
355.27991144827666 530.778986624963
365.3108997652033 530.7778464351658
375.3409481064441 530.7668044880642
385.36938745120415 530.7425175842795
395.3668305312948 530.1150363639191
404.53872022881103 526.2264194103672
412.4204579605262 519.9420419600049
418.1393030670427 511.7075743595816
421.21235757853975 502.120538243269
421.7345873305023 492.12173317464965
421.6135363826525 482.04991167435963
421.2945690990813 471.88976398202226
414.2352206965965 464.7513498538468
407.1432164522075 457.65934467967475
400.0512122078185 450.5673395055026
392.95920796342944 443.4753343313305
385.86720371904045 436.38332915715836
378.7751994746514 429.2913239829862
371.6831952302624 422.1993188088141
364.59119098587337 415.10731363464197
357.4991867414844 408.0153084604699
350.40718249709533 400.92330328629777
343.32549602372444 393.83132430072965
347.23116436048167 386.8316759492215
354.62428187466054 385.5770763303412
361.6959143590665 392.6894201876805
368.77282438253616 399.79648598544327
375.8534662270423 406.899821202824
382.9362941745579 414.0009733190174
390.01691635134034 421.10210353950043
397.0960865374877 428.2034016064579
404.17681418640865 435.3039209420285
411.260080389627 442.4031710004504
418.3468662386665 449.50066123596173
425.4381528250511 456.59590110280055
432.53492124030447 463.68840005520485
435.3979865914425 472.6120186666083
435.442069922969 482.7739359852747
435.4104803747992 492.918695971725
434.94337077006514 503.03578275315857
432.5514137767595 512.917872237778
428.1912336102746 521.9914760276504
421.98838842529136 529.8246201869276
414.140136586286 536.205354220491
405.24675424191423 541.052328246041
395.4753930495312 543.7986173941717
385.451816705371 544.3005246644574
375.4208025165833 544.3174399352127
365.39150862281167 544.3322931608628
355.3632522846758 544.3474741236035
345.33535076279566 544.3653726056307
335.3071213177908 544.3883783891399
325.2778812102812 544.4188812563272
315.2469477008865 544.4592709893882
305.2016053182054 543.9764046207648
295.54997182301867 541.3449854258406
286.50464108708115 536.6709767224404
278.6420642978078 530.4696366788015
272.30496270629345 522.7422006070515
428.59449 362.52291
434.8830039898349 354.76784194996037
442.42875732229425 348.18166016487334
451.16989320137435 343.3578460057513
460.77114464710587 340.64893860861025
470.9085496762204 339.7126227701305
481.07506772136026 339.68824734086894
491.23244541539736 339.69991634191695
501.3883709765019 339.70990102376754
511.5435534503779 339.71571992831093
521.6987018827292 339.7148915974374
531.8545253192597 339.70493457303706
542.0117328056733 339.68336739700027
552.0234846030248 339.66336180269514
561.9877861989352 340.82041027734346
571.4470721812156 344.0056333258884
580.0000932934366 349.14689906016497
587.4014509977571 355.96866567903277
593.2395343746606 364.2573878216276
597.1470799157188 373.54027656319886
599.095639936755 383.44450941634733
599.2733692286478 393.59790990991354
599.2735884309047 403.7557439677155
599.2743990075047 413.91188039749784
599.2761894133998 424.06709743847773
599.2793481035427 434.22217332987407
599.2842635328853 444.3778863109054
599.2913241563803 454.53501462078987
599.2997457083504 464.61179315920674
599.3717608852864 474.75703094470754
590.7559463005848 476.23197769524097
580.5991648151984 476.2247646369402
570.4423831102839 476.2195797685957
560.2856010585381 476.21608828262293
550.1288185326578 476.21395537143763
539.9720354053396 476.21284622745543
529.8152515492804 476.21242604309197
519.6584668371769 476.2123600107629
517.3327523654297 483.8930618469074
517.3332234572857 494.0295776383047
517.3346376221023 504.08777132591047
517.3375223667572 514.1840912150645
517.3424020715139 524.2487337191894
517.3499683289787 534.398452480968
516.8403802597745 544.3375463520085
506.7345908008729 544.4706768936609
496.60047266730544 544.4642630581525
486.5881326030776 544.46040667956
476.541758517342 544.4589661917295
466.4923961158365 544.4599415946609
456.47109110429943 544.4633328883543
446.3216920281485 544.4692728637767
436.26648376887044 544.477720755704
435.3609934490773 535.3121056140853
441.02136163082696 530.9681825655565
451.13921170448504 530.9740709378344
461.16342940724576 530.976979477063
471.2272407505371 530.9796879673521
481.2777130916552 530.9848237946361
491.44931554167266 530.9952722002381
501.49613622000476 531.0137468020826
503.60115818054015 522.510698377471
503.5963424690113 512.3557767705896
503.59215002957757 502.20075433898757
503.5884615704225 492.0455715046648
503.58515779972953 481.8901686896211
503.58211942568215 471.7344863158562
503.5792271564638 461.57846480537
503.5763617002581 451.4220445801622
503.5734037652484 441.26516606223265
503.5702340596182 431.1077696735811
503.5667332915511 420.94979583620744
503.5627821692305 410.79118497211135
503.55826140083985 400.6318775032927
503.5530516945627 390.47181385175134
510.68603678536715 387.4645154226128
517.3297197222105 390.91289935821237
517.3208412997504 400.9566781421822
517.3144650030957 411.1301698257994
517.3102396022173 421.18952611204713
517.307633987344 431.27138546387806
517.3062565892544 441.32500155236556
517.3057111448737 451.4867410546659
517.3056200631648 461.5128088048202
526.4631038550723 462.4850083120051
536.6198876891312 462.4854825891808
546.7766697871882 462.4869870841325
556.9334508293838 462.49011805348334
567.0902314958585 462.4954717538563
577.2470124667531 462.50364444187437
585.8045601353497 460.9369026083962
585.7866710939736 450.8818852292183
585.7792317487533 440.8360471560608
585.7712879035183 430.7332287287228
585.752377007499 420.69107993885837
585.7110017117105 410.64361580575326
585.7053915265993 400.5193952404472
585.6567154591985 390.3662892333797
584.7270066355828 380.31012992657486
581.3006165845742 370.82806581962177
575.1570480219242 362.83680572339415
566.9270945195345 357.1321326465638
557.5171174720183 353.75600827598566
547.4157085921776 353.18630971935846
537.257437556723 353.1591199184136
527.100853361009 353.13696623813354
516.9453178207815 353.1217654118639
506.79019275178695 353.11543417295036
496.63483996977135 353.1198892547384
486.4786212904808 353.1370473905736
476.3208985296615 353.16882531380173
466.24392513362363 353.40979810624805
456.5484710435216 355.8124451026794
448.0195092831735 360.95306832358
441.2419942447942 368.3129187537709
436.8815168790187 377.2766838704971
435.3502524927315 387.2547223754873
425.4877250575746 387.42085326646855
420.9013547252238 381.44602867982246
417.7497085927919 371.891387397662
411.87381251811485 363.6410188074383
403.8414173244325 357.54050436129876
394.5138414639093 353.9917199180073
384.40444973295934 353.14277178133636
374.2494951119136 353.13985063475315
364.09272110272906 353.1340624358252
353.9347916766622 353.1273998545535
343.7763708049696 353.1218555609392
333.61812245890764 353.11942222498317
323.46071060973287 353.12209251668645
313.3047992287019 353.1318591060501
303.17261999778617 353.3174328240326
293.42845686760086 355.6008573004346
284.7114983927157 360.5681384100472
277.7902411261502 367.9229093756536
273.2443715999846 376.8273969080709
271.74315516287845 386.8042875632481
271.4739415611396 396.9592889665726
271.5096627965991 407.0120324478097
275.26385965271146 415.5659666901023
282.42460013971083 422.76737138786973
289.5853378068781 429.9673205833992
296.7459936910292 437.1711330099393
303.90647187212954 444.3690569122783
311.06695005322985 451.56956377987456
318.2274282343302 458.77463581883865
325.38790641543056 465.9862552352812
332.4752898852067 473.1133104400602
339.6040500412831 480.27139281253704
346.70352532528193 487.3880945500806
348.8850156556652 494.537279964985
341.48289007761724 501.0277665226849
334.3973562017689 493.94961947566173
327.2294119289382 486.80057969822326
320.1370569579046 479.73453861655315
313.01071439698694 472.638809994522
305.8728715179253 465.53251536283466
298.74601559245957 458.4347762521962
291.6526338923299 451.3647141933115
284.48311553304404 444.20950982407
277.3954746511884 437.12311111341086
270.22178073740537 429.96008792397697
263.0480145252748 422.7781560401979
258.01466709385716 414.75109537938505
257.9537395560018 404.57334887354176
257.9360579197474 394.486965001145
258.1127477108655 384.39624305351225
259.69285908701977 374.3962959481483
263.425992506644 365.01733550379424
269.09172567827056 356.7117174198461
276.40440646656333 349.8539527751803
284.8644955874686 344.5495852031532
294.41875335151826 341.14944187133455
304.47580488117114 339.73636089691496
314.62316725395027 339.6796666202664
324.7789327832478 339.6816812867431
334.9363132949819 339.6841963318225
345.09459206109375 339.68578156218507
355.2530523535245 339.68500678451176
365.4109774442153 339.6804418054832
375.56765060510725 339.67065643178023
385.7223551081415 339.6542204700835
395.863627856974 340.4440673331882
405.6107977267511 343.2291963619583
414.48556663039756 348.05638854701897
422.08464151863615 354.5448192956934
428.4660867808303 362.3332892286973
