0 49
0 50
1 48
1 51
2 48
2 51
3 47
3 52
4 47
4 52
5 46
5 53
6 46
6 53
7 45
7 54
8 45
8 54
9 44
9 55
10 44
10 55
11 44
11 55
12 43
12 56
13 43
13 56
14 42
14 57
15 42
15 57
16 42
16 57
17 41
17 58
18 41
18 58
19 41
19 58
20 40
20 59
21 40
21 59
22 40
22 59
23 40
23 59
24 39
24 60
25 39
25 60
26 39
26 60
27 39
27 60
28 38
28 61
29 38
29 61
30 38
30 61
31 38
31 61
32 38
32 61
33 37
33 62
34 37
34 62
35 37
35 62
36 37
36 62
37 37
37 62
38 37
38 62
39 37
39 62
40 37
40 62
41 36
41 63
42 36
42 63
43 36
43 63
44 36
44 63
45 36
45 63
46 36
46 63
47 36
47 63
48 36
48 63
49 36
49 63
50 36
50 63
51 36
51 63
52 36
52 63
53 36
53 63
54 36
54 63
55 36
55 63
56 36
56 63
57 36
57 63
58 36
58 63
59 37
59 62
60 37
60 62
61 37
61 62
62 37
62 62
63 37
63 62
64 37
64 62
65 37
65 62
66 37
66 62
67 38
67 61
68 38
68 61
69 38
69 61
70 38
70 61
71 38
71 61
72 39
72 60
73 39
73 60
74 39
74 60
75 39
75 60
76 40
76 59
77 40
77 59
78 40
78 59
79 40
79 59
80 41
80 58
81 41
81 58
82 41
82 58
83 42
83 57
84 42
84 57
85 42
85 57
86 43
86 56
87 43
87 56
88 44
88 55
89 44
89 55
90 44
90 55
91 45
91 54
92 45
92 54
93 46
93 53
94 46
94 53
95 47
95 52
96 47
96 52
97 48
97 51
98 48
98 51
99 49
99 50
